Cipolletti,Bariloche,El Bolsón,Gral. Roca,Choele Choel,Río Colorado,Viedma,San Antonio Oeste
0,444,558,40,216,356,553,403
444,0,128,470,646,786,983,833
558,128,0,598,670,810,887,737
40,470,598,0,176,316,725,363
216,646,670,176,0,140,337,187
356,786,810,316,140,0,477,236
553,983,887,725,337,477,0,172
403,833,737,363,187,236,172,0